<svg width="81" height="93" viewBox="0 0 81 93" fill="none" xmlns="http://www.w3.org/2000/svg">
<g opacity="0.5">
<path d="M26.4622 29.5737C26.4301 28.8286 27.015 28.205 27.7601 28.1916C28.4772 28.1783 29.0834 28.7418 29.1168 29.4535C29.1528 30.1826 28.5479 30.8289 27.8149 30.8462C27.1138 30.8622 26.4929 30.2787 26.4622 29.5737Z" fill="#C17B31"/>
<path d="M33.9258 43.6312C33.9312 42.8955 34.5668 42.2879 35.2999 42.3133C36.0089 42.3373 36.5924 42.9449 36.5858 43.6539C36.5777 44.3897 35.9435 44.9985 35.2104 44.9732C34.5014 44.9478 33.9192 44.3402 33.9258 43.6312Z" fill="#C17B31"/>
<path d="M40.586 43.6235C40.5967 42.889 41.235 42.2842 41.9681 42.3135C42.6785 42.3416 43.258 42.9531 43.2473 43.6608C43.2366 44.3953 42.5957 45.0028 41.8653 44.9734C41.1549 44.9441 40.5767 44.3338 40.586 43.6235Z" fill="#C17B31"/>
<path d="M47.2461 43.6351C47.2501 42.8994 47.8817 42.2892 48.6161 42.3132C49.3252 42.3346 49.91 42.9421 49.906 43.6498C49.9007 44.3842 49.2678 44.9958 48.5347 44.9731C47.8256 44.9491 47.2421 44.3442 47.2461 43.6351Z" fill="#C17B31"/>
<path d="M67.1713 59.7055C66.8401 59.4385 66.493 59.2115 66.1151 59.0192C65.131 58.5185 64.8706 57.6639 65.394 56.7171C66.724 54.3123 67.7014 51.7752 68.2369 49.0726C68.6962 46.7478 68.6415 44.3963 68.6134 42.0475C68.5907 40.1808 68.3664 38.3341 67.8376 36.5341C65.4608 28.4328 60.4187 22.6163 52.7768 19.0644C50.6964 18.0976 48.5091 17.4313 46.2164 17.1682C45.4954 17.0868 44.765 17.1282 44.0466 17H39.5172C39.4652 17.0441 39.4064 17.0668 39.337 17.0668C36.0909 17.0921 33.1025 18.0936 30.2115 19.465C28.1325 20.4517 26.231 21.7123 24.4911 23.2131C24.0144 23.6258 23.6339 23.766 23.0543 23.3413C22.3346 22.8139 21.4787 22.4894 20.5787 22.44C19.7842 22.3973 19.242 22.0287 18.6812 21.504C17.0789 20.0031 15.112 19.3261 12.9461 19.4703C9.53976 19.6986 6.87183 21.8565 5.84499 25.1106C5.67006 25.6674 5.39499 25.9225 4.84619 26.0974C2.55348 26.8251 1.18212 29.3422 1.75897 31.6643C2.30378 33.8595 4.15851 35.3283 6.47659 35.3457C9.4503 35.3697 12.4253 35.3497 15.3991 35.3537C16.3071 35.355 16.3177 35.3751 16.0774 36.251C15.2028 39.4464 14.8449 42.6831 15.148 46C15.5232 50.0981 16.7637 53.897 18.8602 57.4249C19.3849 58.3088 19.3929 58.3115 18.6545 59.0446C16.5434 61.1397 14.3508 63.1479 12.2251 65.2257C10.5599 66.8547 8.87612 68.4678 7.18563 70.0688C5.81695 71.364 4.51102 72.7247 3.09294 73.9732C1.77767 75.1309 0.495775 76.3554 0.351562 78.2809V80.5456C0.53984 81.0837 0.486436 81.6806 0.793554 82.1973C1.82441 83.9319 3.20109 85.1083 5.32022 85.2645C7.42064 85.4194 9.25801 84.9948 10.7442 83.3644C12.0595 81.9236 13.4442 80.5442 14.7862 79.1261C15.8384 78.0152 16.932 76.9443 17.9775 75.8253C20.8244 72.7768 23.718 69.775 26.6329 66.792C27.2285 66.1831 27.2659 66.1858 27.9909 66.6171C33.0264 69.6188 38.4543 70.9074 44.307 70.4066C47.3474 70.1463 50.249 69.3851 53.0171 68.1166C53.5993 67.8495 54.1748 67.7173 54.8104 67.72C57.9177 67.732 61.0249 67.7387 64.1322 67.7214C66.0697 67.7107 67.8964 66.609 68.3757 64.9466C68.9139 63.0785 68.8511 61.0595 67.1713 59.7055ZM19.6159 69.8966C15.8918 73.7622 12.181 77.6413 8.46885 81.519C7.83993 82.176 7.07213 82.5125 6.4205 82.5418C4.88224 82.5499 3.74322 81.7874 3.25584 80.595C2.7551 79.3665 3.01415 78.0913 4.01562 77.1219C6.31234 74.9026 8.62508 72.698 10.9311 70.4894C12.5001 68.9845 14.0811 67.4917 15.6327 65.9694C15.9292 65.6797 16.0734 65.697 16.3498 65.9815C17.414 67.0817 18.4983 68.162 19.5959 69.2289C19.8536 69.4799 19.8883 69.6148 19.6159 69.8966ZM40.6282 67.5892C34.2428 67.1632 28.7988 64.6689 24.4163 59.994C20.6334 55.9614 18.5156 51.157 18.0349 45.6342C17.0241 33.997 24.7502 23.1838 36.0975 20.3743C49.6108 17.028 63.092 25.7849 65.5155 39.4985C66.4836 44.9785 65.5996 50.1688 63.0012 55.0841C62.7515 55.5568 62.5538 55.689 62.0678 55.4059C61.7713 55.2336 61.3975 55.1789 61.0516 55.1108C60.7298 55.048 60.3987 55.0387 60.0849 55.0066C59.9994 54.7903 60.153 54.6862 60.2237 54.5646C67.66 41.8846 60.647 25.8651 46.2712 22.7859C41.3973 21.7416 36.7038 22.4227 32.2439 24.6579C31.3719 25.0959 31.0635 25.8116 31.4213 26.5407C31.7765 27.2658 32.543 27.4714 33.4176 27.0401C38.2126 24.6806 43.1906 24.212 48.182 26.1107C55.3552 28.8388 59.4907 34.1266 60.4454 41.7751C60.9354 45.7036 60.0515 49.3944 58.1473 52.8541C57.9297 53.252 57.7761 53.3495 57.3221 53.0945C52.8449 50.5814 47.27 53.009 46.0709 57.9817C45.9868 58.3302 45.8786 58.4891 45.5061 58.5786C43.7688 58.9992 42.6205 60.0808 42.1491 61.814C42.0369 62.2266 41.862 62.2987 41.4788 62.2947C32.7072 62.2012 24.8436 55.3551 23.5163 46.681C22.9074 42.6992 23.4643 38.9109 25.2469 35.3016C25.4458 34.8984 25.6341 34.4938 25.518 34.0317C25.3724 33.4576 24.9812 33.1091 24.4057 33.0249C23.7901 32.9341 23.3161 33.2199 23.0343 33.758C22.1957 35.3537 21.5588 37.0295 21.1649 38.7867C18.9683 48.5772 23.5457 58.2581 32.4869 62.7447C35.4099 64.2108 38.5171 64.9226 41.7819 64.9493C42.2079 64.9533 42.491 65.0227 42.7366 65.4447C43.2654 66.354 44.1067 66.9309 45.0841 67.3381C43.5912 67.6332 42.1091 67.688 40.6282 67.5892Z" fill="#C17B31"/>
<path d="M29.1168 29.4535C29.1528 30.1826 28.5479 30.8289 27.8149 30.8462C27.1138 30.8622 26.4929 30.2787 26.4622 29.5737C26.4301 28.8286 27.015 28.205 27.7601 28.1916C28.4772 28.1783 29.0834 28.7418 29.1168 29.4535Z" fill="white"/>
<path d="M36.5858 43.6539C36.5777 44.3897 35.9435 44.9985 35.2104 44.9732C34.5014 44.9478 33.9192 44.3402 33.9258 43.6312C33.9312 42.8955 34.5668 42.2879 35.2999 42.3133C36.0089 42.3373 36.5924 42.9449 36.5858 43.6539Z" fill="white"/>
<path d="M43.2473 43.6608C43.2366 44.3953 42.5957 45.0028 41.8653 44.9734C41.1549 44.9441 40.5767 44.3338 40.586 43.6235C40.5967 42.889 41.235 42.2842 41.9681 42.3135C42.6785 42.3416 43.258 42.9531 43.2473 43.6608Z" fill="white"/>
<path d="M49.906 43.6498C49.9007 44.3842 49.2678 44.9958 48.5347 44.9731C47.8256 44.9491 47.2421 44.3442 47.2461 43.6351C47.2501 42.8994 47.8817 42.2892 48.6161 42.3132C49.3252 42.3346 49.91 42.9421 49.906 43.6498Z" fill="white"/>
<path d="M55.2936 64.8254C52.4521 64.8254 49.6119 64.8267 46.7704 64.8254C45.4925 64.824 44.6379 64.0683 44.6446 62.956C44.6526 61.8637 45.4831 61.1306 46.733 61.1119C48.0816 61.0919 48.4448 60.746 48.5436 59.384C48.6945 57.2903 50.1286 55.541 52.1823 54.9455C54.2107 54.358 56.4059 55.063 57.5997 56.8122C58.1685 57.6455 58.7787 57.9272 59.7762 57.751C61.2464 57.4906 62.5563 58.4947 62.8447 59.9569C63.0824 61.1627 63.2266 61.3015 64.4577 61.5138C65.319 61.6634 65.9359 62.4125 65.8879 63.2511C65.8371 64.1484 65.1187 64.8187 64.1493 64.8214C61.1983 64.8321 58.2459 64.8254 55.2936 64.8254Z" fill="#F7ECE0"/>
<path d="M11.8254 32.4446C10.0949 32.4446 8.36567 32.4486 6.63512 32.4433C5.37594 32.4393 4.4933 31.6515 4.50799 30.5605C4.52268 29.4803 5.37461 28.7352 6.60709 28.7245C7.92102 28.7125 8.25485 28.4013 8.39238 27.0594C8.62339 24.8 10.0882 23.0374 12.174 22.5087C14.3051 21.9692 16.3842 22.769 17.6634 24.6772C18.1174 25.3542 18.6982 25.5385 19.4366 25.3675C20.1737 25.1966 20.836 25.3755 21.477 25.7321C21.8228 25.9244 21.8976 26.1033 21.6038 26.4424C20.1283 28.1423 18.9079 30.0157 17.9451 32.0494C17.7769 32.4046 17.5485 32.4526 17.2147 32.45C15.4187 32.4393 13.6227 32.4446 11.8254 32.4446Z" fill="#F7ECE0"/>
<path d="M24.9863 64.243C24.9088 64.3364 24.8447 64.4246 24.7699 64.5034C23.8673 65.4487 22.9539 66.3835 22.0633 67.3409C21.8189 67.6039 21.6747 67.5692 21.4424 67.3302C20.3888 66.2539 19.3206 65.191 18.2483 64.1321C18.032 63.9185 17.9212 63.7756 18.2069 63.5112C19.1657 62.6233 20.1004 61.7086 21.0445 60.8032C21.1887 60.6644 21.3088 60.4988 21.5171 60.7472C22.5133 61.9396 23.6122 63.0332 24.798 64.0373C24.8607 64.0921 24.9128 64.1629 24.9863 64.243Z" fill="#F7ECE0"/>
<path d="M29.1168 29.4535C29.1528 30.1826 28.5479 30.8289 27.8149 30.8462C27.1138 30.8622 26.4929 30.2787 26.4622 29.5737C26.4301 28.8286 27.015 28.205 27.7601 28.1916C28.4772 28.1783 29.0834 28.7418 29.1168 29.4535Z" fill="#F7ECE0"/>
<circle cx="42" cy="51" r="1" fill="#C17B31" stroke="black" stroke-width="2"/>
<path fill-rule="evenodd" clip-rule="evenodd" d="M42 38L42 46L42 38Z" fill="#C17B31"/>
<path d="M42 38L42 46" stroke="#C17B31" stroke-width="4" stroke-linecap="round" stroke-linejoin="round"/>
<path d="M39.5023 88.8235C38.9699 88.3151 39.005 87.6362 39.5959 86.9249C40.5498 85.7726 40.7491 84.3038 40.0926 83.0832C39.93 82.7826 39.6983 82.5209 39.5057 82.2382C39.0151 81.5376 39.0113 80.8917 39.4913 80.4357C39.9564 79.9947 40.6384 80.0466 41.291 80.5672C42.2805 81.3586 43.3804 81.6905 44.6327 81.3346C45.1733 81.1791 45.6145 80.8703 46.0406 80.5103C46.6258 80.0154 47.3228 80.0163 47.783 80.4705C48.2733 80.9549 48.2712 81.6548 47.7823 82.2701C46.4806 83.9087 46.4736 85.4378 47.7856 87.0618C48.1527 87.5189 48.2825 87.9907 48.0368 88.5251C47.8212 88.9995 47.3978 89.1642 46.9111 89.1636C46.4665 89.163 46.1446 88.8712 45.8289 88.6094C45.2574 88.14 44.6292 87.8658 43.8871 87.8318C42.9257 87.7885 42.0879 88.0547 41.3587 88.6937C40.6745 89.2816 40.0136 89.3108 39.5023 88.8235ZM42.9268 83.9791C42.8762 84.3846 42.8137 84.8382 42.9735 85.268C43.0338 85.4363 44.2746 85.477 44.3315 85.3118C44.4811 84.8794 44.4655 84.4198 44.3357 83.984C44.2845 83.8307 43.0918 83.8141 42.9268 83.9791Z" fill="#F7ECE0"/>
<path d="M44.4272 12.3948C43.9142 12.9199 43.3915 12.9252 42.7268 12.3866C41.563 11.4448 40.2978 11.1097 38.8896 11.7537C38.4783 11.9425 38.1212 12.2394 37.737 12.4913C37.1367 12.8871 36.5688 12.8533 36.1296 12.3901C35.7175 11.9599 35.6956 11.2839 36.1335 10.7618C36.5054 10.3176 36.8383 9.85843 36.9878 9.29384C37.3227 8.05654 37.0718 6.93565 36.2654 5.9372C35.7388 5.28461 35.6779 4.61158 36.1159 4.14951C36.5539 3.68743 37.2599 3.72139 37.9065 4.23595C39.4643 5.47571 41.1136 5.46283 42.6651 4.20609C43.2443 3.73518 43.8962 3.69097 44.3533 4.09413C44.8677 4.54843 44.8894 5.11625 44.4157 5.8066C43.0513 7.80262 43.0678 8.89317 44.4973 10.8448C44.9036 11.4071 44.8803 11.9298 44.4272 12.3948ZM39.5049 8.96064C39.7064 9.14416 40.923 9.10067 41.025 8.96862C41.118 8.84557 41.1073 7.57478 41.0052 7.56864C40.5185 7.53797 39.8393 7.35682 39.5872 7.60284C39.3382 7.83985 39.5133 8.52504 39.5049 8.96064Z" fill="#D8E0E8"/>
<path d="M42.7639 22.3779C42.8929 22.2489 43.0219 22.1199 43.1509 21.9909C43.2139 21.9279 43.2769 21.8348 43.355 21.8169C44.1779 21.6137 44.3532 22.4371 44.8313 22.7772C45.135 22.9909 45.1895 23.2974 44.8774 23.5854C44.7934 23.6634 44.7184 23.7504 44.6404 23.8284C43.4163 25.0285 43.6987 25.0589 42.4594 23.8796C41.9812 23.4254 41.9507 23.0648 42.4669 22.663C42.5779 22.582 42.6679 22.474 42.7639 22.3779Z" fill="#C17B31"/>
<path d="M2.90313 40.6772C2.00069 39.7747 2.00069 39.7747 2.84077 38.9346C3.75586 38.0195 3.75587 38.0195 4.69441 38.9581C5.51563 39.7793 5.51563 39.7793 4.59453 40.7004C3.76045 41.5345 3.76045 41.5345 2.90313 40.6772Z" fill="#F7ECE0"/>
<path d="M72.326 36.3038C74.2012 34.4346 77.0943 34.4534 78.9744 36.3455C80.8364 38.2195 80.8132 41.1306 78.9229 43.0027C77.0567 44.8509 74.1606 44.8051 72.2655 42.8979C70.4245 41.039 70.4478 38.176 72.326 36.3038ZM74.0106 37.9823C73.1164 38.8644 73.1124 40.3665 74.0028 41.2629C74.8752 42.1413 76.4404 42.1403 77.2984 41.2582C78.1445 40.3881 78.1425 38.886 77.2942 38.0137C76.4128 37.1203 74.9017 37.1033 74.0106 37.9823Z" fill="#F7ECE0"/>
</g>
</svg>
